80
61
81
66
53
73
72
82
72
78
60
82
61
55
82
83
77
84
73
62
83
60
62
76
62
60
60
67
58
71
53
78
76
78
81
78
73
66
83
54
73
53
61
76
77
75
76
68
67
81
74
68
81
59
67
81
73
78
82
53
76
52
74
77
78
65
70
64
69
84
78
54
55
68
53
60
72
52
73
81
77
63
77
60
68
70
80
63
84
63
58
84
60
53
69
64
62
80
72
66
81
57
69
77
82
68
55
61
84
60
71
64
67
65
79
63
71
73
69
81
62
83
79
73
83
57
73
72
63
63
59
69
65
65
71
52
71
74
78
80
59
79
64
61
78
82
72
77
54
54
